test                                                                 0 0  0    0
 2.906300+4 6.238900+1          0          1         -1          12925 1451    1
 3.000000+2 0.000000+0         30          0         34          02925 1451    2
 0.000000+0 1.00000+10 1.390000-4 1.520000-1 4.140000-1 1.130000+02925 1451    3
 3.060000+0 8.320000+0 2.260000+1 6.140000+1 1.670000+2 4.540000+22925 1451    4
 1.235000+3 3.350000+3 9.120000+3 2.480000+4 6.760000+4 1.840000+52925 1451    5
 3.030000+5 5.000000+5 8.230000+5 1.353000+6 1.738000+6 2.232000+62925 1451    6
 2.865000+6 3.680000+6 6.070000+6 7.790000+6 1.000000+7 1.200000+72925 1451    7
 1.350000+7 1.500000+7 1.700000+7 0.000000+0                      2925 1451    8
                                                                  2925 0  0    0
 2.906300+4 0.000000+0          1          1          0         302925 3  1    1
 3.000000+2 0.000000+0          2          1          2          12925 3  1    2
 1.518610-1 8.688898+0                                            2925 3  1    3
 3.000000+2 0.000000+0          2          1          2          22925 3  1    4
 2.620000-1 6.477849+0                                            2925 3  1    5
 3.000000+2 0.000000+0          2          1          2          32925 3  1    6
 7.160000-1 5.926402+0                                            2925 3  1    7
 3.000000+2 0.000000+0          2          1          2          42925 3  1    8
 1.930000+0 5.582654+0                                            2925 3  1    9
 3.000000+2 0.000000+0          2          1          2          52925 3  1   10
 5.260000+0 5.346346+0                                            2925 3  1   11
 3.000000+2 0.000000+0          2          1          2          62925 3  1   12
 1.428000+1 5.134751+0                                            2925 3  1   13
 3.000000+2 0.000000+0          2          1          2          72925 3  1   14
 3.880000+1 4.854833+0                                            2925 3  1   15
 3.000000+2 0.000000+0          2          1          2          82925 3  1   16
 1.056000+2 4.411070+0                                            2925 3  1   17
 3.000000+2 0.000000+0          2          1          2          92925 3  1   18
 2.870000+2 3.738421+0                                            2925 3  1   19
 3.000000+2 0.000000+0          2          1          2         102925 3  1   20
 7.810000+2 7.300419+0                                            2925 3  1   21
 3.000000+2 0.000000+0          2          1          2         112925 3  1   22
 2.115000+3 1.785187+1                                            2925 3  1   23
 3.000000+2 0.000000+0          2          1          2         122925 3  1   24
 5.770000+3 1.245296+1                                            2925 3  1   25
 3.000000+2 0.000000+0          2          1          2         132925 3  1   26
 1.568000+4 1.117051+1                                            2925 3  1   27
 3.000000+2 0.000000+0          2          1          2         142925 3  1   28
 4.280000+4 8.622755+0                                            2925 3  1   29
 3.000000+2 0.000000+0          2          1          2         152925 3  1   30
 1.164000+5 6.284124+0                                            2925 3  1   31
 3.000000+2 0.000000+0          2          1          2         162925 3  1   32
 1.190000+5 5.458458+0                                            2925 3  1   33
 3.000000+2 0.000000+0          2          1          2         172925 3  1   34
 1.970000+5 4.651913+0                                            2925 3  1   35
 3.000000+2 0.000000+0          2          1          2         182925 3  1   36
 3.230000+5 3.947658+0                                            2925 3  1   37
 3.000000+2 0.000000+0          2          1          2         192925 3  1   38
 5.300000+5 3.365138+0                                            2925 3  1   39
 3.000000+2 0.000000+0          2          1          2         202925 3  1   40
 3.850000+5 3.008094+0                                            2925 3  1   41
 3.000000+2 0.000000+0          2          1          2         212925 3  1   42
 4.940000+5 3.050190+0                                            2925 3  1   43
 3.000000+2 0.000000+0          2          1          2         222925 3  1   44
 6.330000+5 3.148136+0                                            2925 3  1   45
 3.000000+2 0.000000+0          2          1          2         232925 3  1   46
 8.150000+5 3.363726+0                                            2925 3  1   47
 3.000000+2 0.000000+0          2          1          2         242925 3  1   48
 2.390000+6 3.736073+0                                            2925 3  1   49
 3.000000+2 0.000000+0          2          1          2         252925 3  1   50
 1.720000+6 3.766905+0                                            2925 3  1   51
 3.000000+2 0.000000+0          2          1          2         262925 3  1   52
 2.210000+6 3.574473+0                                            2925 3  1   53
 3.000000+2 0.000000+0          2          1          2         272925 3  1   54
 2.000000+6 3.327940+0                                            2925 3  1   55
 3.000000+2 0.000000+0          2          1          2         282925 3  1   56
 1.500000+6 3.077075+0                                            2925 3  1   57
 3.000000+2 0.000000+0          2          1          2         292925 3  1   58
 1.500000+6 2.893556+0                                            2925 3  1   59
 3.000000+2 0.000000+0          2          1          2         302925 3  1   60
 2.000000+6 2.711881+0                                            2925 3  1   61
                                                                  2925 3  099999
 2.906300+4 0.000000+0          1          1          0         302925 3  2    1
 3.000000+2 0.000000+0          2          1          2          12925 3  2    2
 1.518610-1 5.149520+0                                            2925 3  2    3
 3.000000+2 0.000000+0          2          1          2          22925 3  2    4
 2.620000-1 5.104048+0                                            2925 3  2    5
 3.000000+2 0.000000+0          2          1          2          32925 3  2    6
 7.160000-1 5.096867+0                                            2925 3  2    7
 3.000000+2 0.000000+0          2          1          2          42925 3  2    8
 1.930000+0 5.083533+0                                            2925 3  2    9
 3.000000+2 0.000000+0          2          1          2          52925 3  2   10
 5.260000+0 5.050225+0                                            2925 3  2   11
 3.000000+2 0.000000+0          2          1          2          62925 3  2   12
 1.428000+1 4.965489+0                                            2925 3  2   13
 3.000000+2 0.000000+0          2          1          2          72925 3  2   14
 3.880000+1 4.766198+0                                            2925 3  2   15
 3.000000+2 0.000000+0          2          1          2          82925 3  2   16
 1.056000+2 4.371775+0                                            2925 3  2   17
 3.000000+2 0.000000+0          2          1          2          92925 3  2   18
 2.870000+2 3.714560+0                                            2925 3  2   19
 3.000000+2 0.000000+0          2          1          2         102925 3  2   20
 7.810000+2 5.547016+0                                            2925 3  2   21
 3.000000+2 0.000000+0          2          1          2         112925 3  2   22
 2.115000+3 1.744512+1                                            2925 3  2   23
 3.000000+2 0.000000+0          2          1          2         122925 3  2   24
 5.770000+3 1.222558+1                                            2925 3  2   25
 3.000000+2 0.000000+0          2          1          2         132925 3  2   26
 1.568000+4 1.107538+1                                            2925 3  2   27
 3.000000+2 0.000000+0          2          1          2         142925 3  2   28
 4.280000+4 8.585499+0                                            2925 3  2   29
 3.000000+2 0.000000+0          2          1          2         152925 3  2   30
 1.164000+5 6.252207+0                                            2925 3  2   31
 3.000000+2 0.000000+0          2          1          2         162925 3  2   32
 1.190000+5 5.434231+0                                            2925 3  2   33
 3.000000+2 0.000000+0          2          1          2         172925 3  2   34
 1.970000+5 4.632699+0                                            2925 3  2   35
 3.000000+2 0.000000+0          2          1          2         182925 3  2   36
 3.230000+5 3.894215+0                                            2925 3  2   37
 3.000000+2 0.000000+0          2          1          2         192925 3  2   38
 5.300000+5 2.951088+0                                            2925 3  2   39
 3.000000+2 0.000000+0          2          1          2         202925 3  2   40
 3.850000+5 2.099733+0                                            2925 3  2   41
 3.000000+2 0.000000+0          2          1          2         212925 3  2   42
 4.940000+5 1.845915+0                                            2925 3  2   43
 3.000000+2 0.000000+0          2          1          2         222925 3  2   44
 6.330000+5 1.693765+0                                            2925 3  2   45
 3.000000+2 0.000000+0          2          1          2         232925 3  2   46
 8.150000+5 1.697295+0                                            2925 3  2   47
 3.000000+2 0.000000+0          2          1          2         242925 3  2   48
 2.390000+6 1.961696+0                                            2925 3  2   49
 3.000000+2 0.000000+0          2          1          2         252925 3  2   50
 1.720000+6 2.016738+0                                            2925 3  2   51
 3.000000+2 0.000000+0          2          1          2         262925 3  2   52
 2.210000+6 1.867845+0                                            2925 3  2   53
 3.000000+2 0.000000+0          2          1          2         272925 3  2   54
 2.000000+6 1.662784+0                                            2925 3  2   55
 3.000000+2 0.000000+0          2          1          2         282925 3  2   56
 1.500000+6 1.510828+0                                            2925 3  2   57
 3.000000+2 0.000000+0          2          1          2         292925 3  2   58
 1.500000+6 1.384742+0                                            2925 3  2   59
 3.000000+2 0.000000+0          2          1          2         302925 3  2   60
 2.000000+6 1.195661+0                                            2925 3  2   61
                                                                  2925 3  099999
 2.906300+4 0.000000+0          1          1          0         302925 3  4    1
 3.000000+2 0.000000+0          2          1          2         182925 3  4    2
 3.230000+5 3.643558-2                                            2925 3  4    3
 3.000000+2 0.000000+0          2          1          2         192925 3  4    4
 5.300000+5 3.991415-1                                            2925 3  4    5
 3.000000+2 0.000000+0          2          1          2         202925 3  4    6
 3.850000+5 8.932474-1                                            2925 3  4    7
 3.000000+2 0.000000+0          2          1          2         212925 3  4    8
 4.940000+5 1.180212+0                                            2925 3  4    9
 3.000000+2 0.000000+0          2          1          2         222925 3  4   10
 6.330000+5 1.413777+0                                            2925 3  4   11
 3.000000+2 0.000000+0          2          1          2         232925 3  4   12
 8.150000+5 1.610304+0                                            2925 3  4   13
 3.000000+2 0.000000+0          2          1          2         242925 3  4   14
 2.390000+6 1.692000+0                                            2925 3  4   15
 3.000000+2 0.000000+0          2          1          2         252925 3  4   16
 1.720000+6 1.640591+0                                            2925 3  4   17
 3.000000+2 0.000000+0          2          1          2         262925 3  4   18
 2.210000+6 1.509371+0                                            2925 3  4   19
 3.000000+2 0.000000+0          2          1          2         272925 3  4   20
 2.000000+6 1.117188+0                                            2925 3  4   21
 3.000000+2 0.000000+0          2          1          2         282925 3  4   22
 1.500000+6 7.319852-1                                            2925 3  4   23
 3.000000+2 0.000000+0          2          1          2         292925 3  4   24
 1.500000+6 5.283600-1                                            2925 3  4   25
 3.000000+2 0.000000+0          2          1          2         302925 3  4   26
 2.000000+6 4.117527-1                                            2925 3  4   27
                                                                  2925 3  099999
 2.906300+4 0.000000+0          1          1          0         302925 3 16    1
 3.000000+2 0.000000+0          2          1          2         272925 3 16    2
 2.000000+6 1.104301-2                                            2925 3 16    3
 3.000000+2 0.000000+0          2          1          2         282925 3 16    4
 1.500000+6 2.057523-1                                            2925 3 16    5
 3.000000+2 0.000000+0          2          1          2         292925 3 16    6
 1.500000+6 4.448560-1                                            2925 3 16    7
 3.000000+2 0.000000+0          2          1          2         302925 3 16    8
 2.000000+6 6.065339-1                                            2925 3 16    9
                                                                  2925 3  099999
 2.906300+4 0.000000+0          1          1          0         302925 3 22    1
 3.000000+2 0.000000+0          2          1          2         242925 3 22    2
 2.390000+6 5.13949-16                                            2925 3 22    3
 3.000000+2 0.000000+0          2          1          2         252925 3 22    4
 1.720000+6 6.37429-14                                            2925 3 22    5
 3.000000+2 0.000000+0          2          1          2         262925 3 22    6
 2.210000+6 1.168525-6                                            2925 3 22    7
 3.000000+2 0.000000+0          2          1          2         272925 3 22    8
 2.000000+6 9.055114-4                                            2925 3 22    9
 3.000000+2 0.000000+0          2          1          2         282925 3 22   10
 1.500000+6 5.796618-3                                            2925 3 22   11
 3.000000+2 0.000000+0          2          1          2         292925 3 22   12
 1.500000+6 1.321604-2                                            2925 3 22   13
 3.000000+2 0.000000+0          2          1          2         302925 3 22   14
 2.000000+6 2.933082-2                                            2925 3 22   15
                                                                  2925 3  099999
 2.906300+4 0.000000+0          1          1          0         302925 3 28    1
 3.000000+2 0.000000+0          2          1          2         252925 3 28    2
 1.720000+6 1.507280-4                                            2925 3 28    3
 3.000000+2 0.000000+0          2          1          2         262925 3 28    4
 2.210000+6 6.735280-2                                            2925 3 28    5
 3.000000+2 0.000000+0          2          1          2         272925 3 28    6
 2.000000+6 4.088890-1                                            2925 3 28    7
 3.000000+2 0.000000+0          2          1          2         282925 3 28    8
 1.500000+6 5.064299-1                                            2925 3 28    9
 3.000000+2 0.000000+0          2          1          2         292925 3 28   10
 1.500000+6 4.111708-1                                            2925 3 28   11
 3.000000+2 0.000000+0          2          1          2         302925 3 28   12
 2.000000+6 3.616995-1                                            2925 3 28   13
                                                                  2925 3  099999
 2.906300+4 0.000000+0          1          1          0         302925 3 32    1
 3.000000+2 0.000000+0          2          1          2         292925 3 32    2
 1.500000+6 3.54032-16                                            2925 3 32    3
 3.000000+2 0.000000+0          2          1          2         302925 3 32    4
 2.000000+6 2.148585-7                                            2925 3 32    5
                                                                  2925 3  099999
 2.906300+4 0.000000+0          1          1          0         302925 3 41    1
 3.000000+2 0.000000+0          2          1          2         302925 3 41    2
 2.000000+6 7.45429-19                                            2925 3 41    3
                                                                  2925 3  099999
 2.906300+4 0.000000+0          1          1          0         302925 3 51    1
 3.000000+2 0.000000+0          2          1          2         182925 3 51    2
 3.230000+5 3.643558-2                                            2925 3 51    3
 3.000000+2 0.000000+0          2          1          2         192925 3 51    4
 5.300000+5 1.992623-1                                            2925 3 51    5
 3.000000+2 0.000000+0          2          1          2         202925 3 51    6
 3.850000+5 2.349042-1                                            2925 3 51    7
 3.000000+2 0.000000+0          2          1          2         212925 3 51    8
 4.940000+5 1.906880-1                                            2925 3 51    9
 3.000000+2 0.000000+0          2          1          2         222925 3 51   10
 6.330000+5 1.191035-1                                            2925 3 51   11
 3.000000+2 0.000000+0          2          1          2         232925 3 51   12
 8.150000+5 5.543865-2                                            2925 3 51   13
 3.000000+2 0.000000+0          2          1          2         242925 3 51   14
 2.390000+6 1.767585-2                                            2925 3 51   15
 3.000000+2 0.000000+0          2          1          2         252925 3 51   16
 1.720000+6 4.061450-3                                            2925 3 51   17
 3.000000+2 0.000000+0          2          1          2         262925 3 51   18
 2.210000+6 1.370862-3                                            2925 3 51   19
 3.000000+2 0.000000+0          2          1          2         272925 3 51   20
 2.000000+6 6.725688-4                                            2925 3 51   21
 3.000000+2 0.000000+0          2          1          2         282925 3 51   22
 1.500000+6 5.180180-4                                            2925 3 51   23
 3.000000+2 0.000000+0          2          1          2         292925 3 51   24
 1.500000+6 4.616635-4                                            2925 3 51   25
 3.000000+2 0.000000+0          2          1          2         302925 3 51   26
 2.000000+6 4.220033-4                                            2925 3 51   27
                                                                  2925 3  099999
 2.906300+4 0.000000+0          1          1          0         302925 3 52    1
 3.000000+2 0.000000+0          2          1          2         192925 3 52    2
 5.300000+5 1.998339-1                                            2925 3 52    3
 3.000000+2 0.000000+0          2          1          2         202925 3 52    4
 3.850000+5 3.914263-1                                            2925 3 52    5
 3.000000+2 0.000000+0          2          1          2         212925 3 52    6
 4.940000+5 3.691055-1                                            2925 3 52    7
 3.000000+2 0.000000+0          2          1          2         222925 3 52    8
 6.330000+5 2.616286-1                                            2925 3 52    9
 3.000000+2 0.000000+0          2          1          2         232925 3 52   10
 8.150000+5 1.472279-1                                            2925 3 52   11
 3.000000+2 0.000000+0          2          1          2         242925 3 52   12
 2.390000+6 6.728333-2                                            2925 3 52   13
 3.000000+2 0.000000+0          2          1          2         252925 3 52   14
 1.720000+6 3.247275-2                                            2925 3 52   15
 3.000000+2 0.000000+0          2          1          2         262925 3 52   16
 2.210000+6 2.224898-2                                            2925 3 52   17
 3.000000+2 0.000000+0          2          1          2         272925 3 52   18
 2.000000+6 1.803719-2                                            2925 3 52   19
 3.000000+2 0.000000+0          2          1          2         282925 3 52   20
 1.500000+6 1.626775-2                                            2925 3 52   21
 3.000000+2 0.000000+0          2          1          2         292925 3 52   22
 1.500000+6 1.516066-2                                            2925 3 52   23
 3.000000+2 0.000000+0          2          1          2         302925 3 52   24
 2.000000+6 1.415810-2                                            2925 3 52   25
                                                                  2925 3  099999
 2.906300+4 0.000000+0          1          1          0         302925 3 53    1
 3.000000+2 0.000000+0          2          1          2         192925 3 53    2
 5.300000+5 4.527809-5                                            2925 3 53    3
 3.000000+2 0.000000+0          2          1          2         202925 3 53    4
 3.850000+5 1.560608-1                                            2925 3 53    5
 3.000000+2 0.000000+0          2          1          2         212925 3 53    6
 4.940000+5 2.318179-1                                            2925 3 53    7
 3.000000+2 0.000000+0          2          1          2         222925 3 53    8
 6.330000+5 1.984711-1                                            2925 3 53    9
 3.000000+2 0.000000+0          2          1          2         232925 3 53   10
 8.150000+5 1.233172-1                                            2925 3 53   11
 3.000000+2 0.000000+0          2          1          2         242925 3 53   12
 2.390000+6 5.651287-2                                            2925 3 53   13
 3.000000+2 0.000000+0          2          1          2         252925 3 53   14
 1.720000+6 2.369679-2                                            2925 3 53   15
 3.000000+2 0.000000+0          2          1          2         262925 3 53   16
 2.210000+6 1.404094-2                                            2925 3 53   17
 3.000000+2 0.000000+0          2          1          2         272925 3 53   18
 2.000000+6 1.053100-2                                            2925 3 53   19
 3.000000+2 0.000000+0          2          1          2         282925 3 53   20
 1.500000+6 9.310106-3                                            2925 3 53   21
 3.000000+2 0.000000+0          2          1          2         292925 3 53   22
 1.500000+6 8.626950-3                                            2925 3 53   23
 3.000000+2 0.000000+0          2          1          2         302925 3 53   24
 2.000000+6 8.021561-3                                            2925 3 53   25
                                                                  2925 3  099999
 2.906300+4 0.000000+0          1          1          0         302925 3 54    1
 3.000000+2 0.000000+0          2          1          2         202925 3 54    2
 3.850000+5 8.485875-2                                            2925 3 54    3
 3.000000+2 0.000000+0          2          1          2         212925 3 54    4
 4.940000+5 1.914011-1                                            2925 3 54    5
 3.000000+2 0.000000+0          2          1          2         222925 3 54    6
 6.330000+5 1.706761-1                                            2925 3 54    7
 3.000000+2 0.000000+0          2          1          2         232925 3 54    8
 8.150000+5 9.631008-2                                            2925 3 54    9
 3.000000+2 0.000000+0          2          1          2         242925 3 54   10
 2.390000+6 3.462092-2                                            2925 3 54   11
 3.000000+2 0.000000+0          2          1          2         252925 3 54   12
 1.720000+6 8.174262-3                                            2925 3 54   13
 3.000000+2 0.000000+0          2          1          2         262925 3 54   14
 2.210000+6 1.966498-3                                            2925 3 54   15
 3.000000+2 0.000000+0          2          1          2         272925 3 54   16
 2.000000+6 3.836323-4                                            2925 3 54   17
 3.000000+2 0.000000+0          2          1          2         282925 3 54   18
 1.500000+6 1.053155-4                                            2925 3 54   19
 3.000000+2 0.000000+0          2          1          2         292925 3 54   20
 1.500000+6 4.601574-5                                            2925 3 54   21
 3.000000+2 0.000000+0          2          1          2         302925 3 54   22
 2.000000+6 2.640355-5                                            2925 3 54   23
                                                                  2925 3  099999
 2.906300+4 0.000000+0          1          1          0         302925 3 55    1
 3.000000+2 0.000000+0          2          1          2         202925 3 55    2
 3.850000+5 2.599727-2                                            2925 3 55    3
 3.000000+2 0.000000+0          2          1          2         212925 3 55    4
 4.940000+5 1.266046-1                                            2925 3 55    5
 3.000000+2 0.000000+0          2          1          2         222925 3 55    6
 6.330000+5 1.297546-1                                            2925 3 55    7
 3.000000+2 0.000000+0          2          1          2         232925 3 55    8
 8.150000+5 7.332147-2                                            2925 3 55    9
 3.000000+2 0.000000+0          2          1          2         242925 3 55   10
 2.390000+6 2.517140-2                                            2925 3 55   11
 3.000000+2 0.000000+0          2          1          2         252925 3 55   12
 1.720000+6 5.756332-3                                            2925 3 55   13
 3.000000+2 0.000000+0          2          1          2         262925 3 55   14
 2.210000+6 1.373855-3                                            2925 3 55   15
 3.000000+2 0.000000+0          2          1          2         272925 3 55   16
 2.000000+6 2.734732-4                                            2925 3 55   17
 3.000000+2 0.000000+0          2          1          2         282925 3 55   18
 1.500000+6 8.004406-5                                            2925 3 55   19
 3.000000+2 0.000000+0          2          1          2         292925 3 55   20
 1.500000+6 3.855900-5                                            2925 3 55   21
 3.000000+2 0.000000+0          2          1          2         302925 3 55   22
 2.000000+6 2.449434-5                                            2925 3 55   23
                                                                  2925 3  099999
 2.906300+4 0.000000+0          1          1          0         302925 3 56    1
 3.000000+2 0.000000+0          2          1          2         212925 3 56    2
 4.940000+5 4.306484-2                                            2925 3 56    3
 3.000000+2 0.000000+0          2          1          2         222925 3 56    4
 6.330000+5 1.016523-1                                            2925 3 56    5
 3.000000+2 0.000000+0          2          1          2         232925 3 56    6
 8.150000+5 7.943506-2                                            2925 3 56    7
 3.000000+2 0.000000+0          2          1          2         242925 3 56    8
 2.390000+6 3.397903-2                                            2925 3 56    9
 3.000000+2 0.000000+0          2          1          2         252925 3 56   10
 1.720000+6 9.202729-3                                            2925 3 56   11
 3.000000+2 0.000000+0          2          1          2         262925 3 56   12
 2.210000+6 2.333910-3                                            2925 3 56   13
 3.000000+2 0.000000+0          2          1          2         272925 3 56   14
 2.000000+6 4.592215-4                                            2925 3 56   15
 3.000000+2 0.000000+0          2          1          2         282925 3 56   16
 1.500000+6 1.236683-4                                            2925 3 56   17
 3.000000+2 0.000000+0          2          1          2         292925 3 56   18
 1.500000+6 5.176426-5                                            2925 3 56   19
 3.000000+2 0.000000+0          2          1          2         302925 3 56   20
 2.000000+6 2.799823-5                                            2925 3 56   21
                                                                  2925 3  099999
 2.906300+4 0.000000+0          1          1          0         302925 3 57    1
 3.000000+2 0.000000+0          2          1          2         212925 3 57    2
 4.940000+5 1.295243-2                                            2925 3 57    3
 3.000000+2 0.000000+0          2          1          2         222925 3 57    4
 6.330000+5 6.970210-2                                            2925 3 57    5
 3.000000+2 0.000000+0          2          1          2         232925 3 57    6
 8.150000+5 5.672055-2                                            2925 3 57    7
 3.000000+2 0.000000+0          2          1          2         242925 3 57    8
 2.390000+6 2.151925-2                                            2925 3 57    9
 3.000000+2 0.000000+0          2          1          2         252925 3 57   10
 1.720000+6 5.245135-3                                            2925 3 57   11
 3.000000+2 0.000000+0          2          1          2         262925 3 57   12
 2.210000+6 1.294750-3                                            2925 3 57   13
 3.000000+2 0.000000+0          2          1          2         272925 3 57   14
 2.000000+6 2.625446-4                                            2925 3 57   15
 3.000000+2 0.000000+0          2          1          2         282925 3 57   16
 1.500000+6 7.811457-5                                            2925 3 57   17
 3.000000+2 0.000000+0          2          1          2         292925 3 57   18
 1.500000+6 3.814044-5                                            2925 3 57   19
 3.000000+2 0.000000+0          2          1          2         302925 3 57   20
 2.000000+6 2.445108-5                                            2925 3 57   21
                                                                  2925 3  099999
 2.906300+4 0.000000+0          1          1          0         302925 3 58    1
 3.000000+2 0.000000+0          2          1          2         212925 3 58    2
 4.940000+5 3.909065-3                                            2925 3 58    3
 3.000000+2 0.000000+0          2          1          2         222925 3 58    4
 6.330000+5 3.437428-2                                            2925 3 58    5
 3.000000+2 0.000000+0          2          1          2         232925 3 58    6
 8.150000+5 2.965680-2                                            2925 3 58    7
 3.000000+2 0.000000+0          2          1          2         242925 3 58    8
 2.390000+6 1.106373-2                                            2925 3 58    9
 3.000000+2 0.000000+0          2          1          2         252925 3 58   10
 1.720000+6 2.635065-3                                            2925 3 58   11
 3.000000+2 0.000000+0          2          1          2         262925 3 58   12
 2.210000+6 6.614555-4                                            2925 3 58   13
 3.000000+2 0.000000+0          2          1          2         272925 3 58   14
 2.000000+6 1.455348-4                                            2925 3 58   15
 3.000000+2 0.000000+0          2          1          2         282925 3 58   16
 1.500000+6 5.128602-5                                            2925 3 58   17
 3.000000+2 0.000000+0          2          1          2         292925 3 58   18
 1.500000+6 3.022092-5                                            2925 3 58   19
 3.000000+2 0.000000+0          2          1          2         302925 3 58   20
 2.000000+6 2.241568-5                                            2925 3 58   21
                                                                  2925 3  099999
 2.906300+4 0.000000+0          1          1          0         302925 3 59    1
 3.000000+2 0.000000+0          2          1          2         212925 3 59    2
 4.940000+5 5.871965-3                                            2925 3 59    3
 3.000000+2 0.000000+0          2          1          2         222925 3 59    4
 6.330000+5 7.024615-2                                            2925 3 59    5
 3.000000+2 0.000000+0          2          1          2         232925 3 59    6
 8.150000+5 6.687172-2                                            2925 3 59    7
 3.000000+2 0.000000+0          2          1          2         242925 3 59    8
 2.390000+6 2.780953-2                                            2925 3 59    9
 3.000000+2 0.000000+0          2          1          2         252925 3 59   10
 1.720000+6 7.185862-3                                            2925 3 59   11
 3.000000+2 0.000000+0          2          1          2         262925 3 59   12
 2.210000+6 1.812074-3                                            2925 3 59   13
 3.000000+2 0.000000+0          2          1          2         272925 3 59   14
 2.000000+6 3.622286-4                                            2925 3 59   15
 3.000000+2 0.000000+0          2          1          2         282925 3 59   16
 1.500000+6 1.014519-4                                            2925 3 59   17
 3.000000+2 0.000000+0          2          1          2         292925 3 59   18
 1.500000+6 4.513843-5                                            2925 3 59   19
 3.000000+2 0.000000+0          2          1          2         302925 3 59   20
 2.000000+6 2.627908-5                                            2925 3 59   21
                                                                  2925 3  099999
 2.906300+4 0.000000+0          1          1          0         302925 3 60    1
 3.000000+2 0.000000+0          2          1          2         212925 3 60    2
 4.940000+5 4.797005-3                                            2925 3 60    3
 3.000000+2 0.000000+0          2          1          2         222925 3 60    4
 6.330000+5 6.607178-2                                            2925 3 60    5
 3.000000+2 0.000000+0          2          1          2         232925 3 60    6
 8.150000+5 6.804001-2                                            2925 3 60    7
 3.000000+2 0.000000+0          2          1          2         242925 3 60    8
 2.390000+6 3.142328-2                                            2925 3 60    9
 3.000000+2 0.000000+0          2          1          2         252925 3 60   10
 1.720000+6 8.789304-3                                            2925 3 60   11
 3.000000+2 0.000000+0          2          1          2         262925 3 60   12
 2.210000+6 2.269662-3                                            2925 3 60   13
 3.000000+2 0.000000+0          2          1          2         272925 3 60   14
 2.000000+6 4.505144-4                                            2925 3 60   15
 3.000000+2 0.000000+0          2          1          2         282925 3 60   16
 1.500000+6 1.220794-4                                            2925 3 60   17
 3.000000+2 0.000000+0          2          1          2         292925 3 60   18
 1.500000+6 5.139379-5                                            2925 3 60   19
 3.000000+2 0.000000+0          2          1          2         302925 3 60   20
 2.000000+6 2.794122-5                                            2925 3 60   21
                                                                  2925 3  099999
 2.906300+4 0.000000+0          1          1          0         302925 3 61    1
 3.000000+2 0.000000+0          2          1          2         222925 3 61    2
 6.330000+5 3.404787-2                                            2925 3 61    3
 3.000000+2 0.000000+0          2          1          2         232925 3 61    4
 8.150000+5 4.999012-2                                            2925 3 61    5
 3.000000+2 0.000000+0          2          1          2         242925 3 61    6
 2.390000+6 2.832810-2                                            2925 3 61    7
 3.000000+2 0.000000+0          2          1          2         252925 3 61    8
 1.720000+6 9.085504-3                                            2925 3 61    9
 3.000000+2 0.000000+0          2          1          2         262925 3 61   10
 2.210000+6 2.463580-3                                            2925 3 61   11
 3.000000+2 0.000000+0          2          1          2         272925 3 61   12
 2.000000+6 4.986368-4                                            2925 3 61   13
 3.000000+2 0.000000+0          2          1          2         282925 3 61   14
 1.500000+6 1.347793-4                                            2925 3 61   15
 3.000000+2 0.000000+0          2          1          2         292925 3 61   16
 1.500000+6 5.557074-5                                            2925 3 61   17
 3.000000+2 0.000000+0          2          1          2         302925 3 61   18
 2.000000+6 2.913977-5                                            2925 3 61   19
                                                                  2925 3  099999
 2.906300+4 0.000000+0          1          1          0         302925 3 62    1
 3.000000+2 0.000000+0          2          1          2         222925 3 62    2
 6.330000+5 2.989885-2                                            2925 3 62    3
 3.000000+2 0.000000+0          2          1          2         232925 3 62    4
 8.150000+5 5.299367-2                                            2925 3 62    5
 3.000000+2 0.000000+0          2          1          2         242925 3 62    6
 2.390000+6 2.527750-2                                            2925 3 62    7
 3.000000+2 0.000000+0          2          1          2         252925 3 62    8
 1.720000+6 6.787405-3                                            2925 3 62    9
 3.000000+2 0.000000+0          2          1          2         262925 3 62   10
 2.210000+6 1.751027-3                                            2925 3 62   11
 3.000000+2 0.000000+0          2          1          2         272925 3 62   12
 2.000000+6 3.539317-4                                            2925 3 62   13
 3.000000+2 0.000000+0          2          1          2         282925 3 62   14
 1.500000+6 9.994219-5                                            2925 3 62   15
 3.000000+2 0.000000+0          2          1          2         292925 3 62   16
 1.500000+6 4.479514-5                                            2925 3 62   17
 3.000000+2 0.000000+0          2          1          2         302925 3 62   18
 2.000000+6 2.623348-5                                            2925 3 62   19
                                                                  2925 3  099999
 2.906300+4 0.000000+0          1          1          0         302925 3 63    1
 3.000000+2 0.000000+0          2          1          2         222925 3 63    2
 6.330000+5 2.766930-2                                            2925 3 63    3
 3.000000+2 0.000000+0          2          1          2         232925 3 63    4
 8.150000+5 4.591773-2                                            2925 3 63    5
 3.000000+2 0.000000+0          2          1          2         242925 3 63    6
 2.390000+6 1.965193-2                                            2925 3 63    7
 3.000000+2 0.000000+0          2          1          2         252925 3 63    8
 1.720000+6 4.694043-3                                            2925 3 63    9
 3.000000+2 0.000000+0          2          1          2         262925 3 63   10
 2.210000+6 1.181211-3                                            2925 3 63   11
 3.000000+2 0.000000+0          2          1          2         272925 3 63   12
 2.000000+6 2.433747-4                                            2925 3 63   13
 3.000000+2 0.000000+0          2          1          2         282925 3 63   14
 1.500000+6 7.445349-5                                            2925 3 63   15
 3.000000+2 0.000000+0          2          1          2         292925 3 63   16
 1.500000+6 3.733755-5                                            2925 3 63   17
 3.000000+2 0.000000+0          2          1          2         302925 3 63   18
 2.000000+6 2.433026-5                                            2925 3 63   19
                                                                  2925 3  099999
 2.906300+4 0.000000+0          1          1          0         302925 3 64    1
 3.000000+2 0.000000+0          2          1          2         222925 3 64    2
 6.330000+5 2.072780-2                                            2925 3 64    3
 3.000000+2 0.000000+0          2          1          2         232925 3 64    4
 8.150000+5 5.047172-2                                            2925 3 64    5
 3.000000+2 0.000000+0          2          1          2         242925 3 64    6
 2.390000+6 2.797581-2                                            2925 3 64    7
 3.000000+2 0.000000+0          2          1          2         252925 3 64    8
 1.720000+6 8.212708-3                                            2925 3 64    9
 3.000000+2 0.000000+0          2          1          2         262925 3 64   10
 2.210000+6 2.180336-3                                            2925 3 64   11
 3.000000+2 0.000000+0          2          1          2         272925 3 64   12
 2.000000+6 4.386051-4                                            2925 3 64   13
 3.000000+2 0.000000+0          2          1          2         282925 3 64   14
 1.500000+6 1.199010-4                                            2925 3 64   15
 3.000000+2 0.000000+0          2          1          2         292925 3 64   16
 1.500000+6 5.088526-5                                            2925 3 64   17
 3.000000+2 0.000000+0          2          1          2         302925 3 64   18
 2.000000+6 2.786510-5                                            2925 3 64   19
                                                                  2925 3  099999
 2.906300+4 0.000000+0          1          1          0         302925 3 65    1
 3.000000+2 0.000000+0          2          1          2         222925 3 65    2
 6.330000+5 1.820144-2                                            2925 3 65    3
 3.000000+2 0.000000+0          2          1          2         232925 3 65    4
 8.150000+5 4.126026-2                                            2925 3 65    5
 3.000000+2 0.000000+0          2          1          2         242925 3 65    6
 2.390000+6 1.898853-2                                            2925 3 65    7
 3.000000+2 0.000000+0          2          1          2         252925 3 65    8
 1.720000+6 4.598016-3                                            2925 3 65    9
 3.000000+2 0.000000+0          2          1          2         262925 3 65   10
 2.210000+6 1.166254-3                                            2925 3 65   11
 3.000000+2 0.000000+0          2          1          2         272925 3 65   12
 2.000000+6 2.413472-4                                            2925 3 65   13
 3.000000+2 0.000000+0          2          1          2         282925 3 65   14
 1.500000+6 7.408099-5                                            2925 3 65   15
 3.000000+2 0.000000+0          2          1          2         292925 3 65   16
 1.500000+6 3.725598-5                                            2925 3 65   17
 3.000000+2 0.000000+0          2          1          2         302925 3 65   18
 2.000000+6 2.432416-5                                            2925 3 65   19
                                                                  2925 3  099999
 2.906300+4 0.000000+0          1          1          0         302925 3 66    1
 3.000000+2 0.000000+0          2          1          2         222925 3 66    2
 6.330000+5 1.132115-2                                            2925 3 66    3
 3.000000+2 0.000000+0          2          1          2         232925 3 66    4
 8.150000+5 3.500398-2                                            2925 3 66    5
 3.000000+2 0.000000+0          2          1          2         242925 3 66    6
 2.390000+6 1.778391-2                                            2925 3 66    7
 3.000000+2 0.000000+0          2          1          2         252925 3 66    8
 1.720000+6 4.681381-3                                            2925 3 66    9
 3.000000+2 0.000000+0          2          1          2         262925 3 66   10
 2.210000+6 1.209271-3                                            2925 3 66   11
 3.000000+2 0.000000+0          2          1          2         272925 3 66   12
 2.000000+6 2.509056-4                                            2925 3 66   13
 3.000000+2 0.000000+0          2          1          2         282925 3 66   14
 1.500000+6 7.604428-5                                            2925 3 66   15
 3.000000+2 0.000000+0          2          1          2         292925 3 66   16
 1.500000+6 3.769219-5                                            2925 3 66   17
 3.000000+2 0.000000+0          2          1          2         302925 3 66   18
 2.000000+6 2.441056-5                                            2925 3 66   19
                                                                  2925 3  099999
 2.906300+4 0.000000+0          1          1          0         302925 3 67    1
 3.000000+2 0.000000+0          2          1          2         222925 3 67    2
 6.330000+5 1.283633-2                                            2925 3 67    3
 3.000000+2 0.000000+0          2          1          2         232925 3 67    4
 8.150000+5 4.538421-2                                            2925 3 67    5
 3.000000+2 0.000000+0          2          1          2         242925 3 67    6
 2.390000+6 2.808866-2                                            2925 3 67    7
 3.000000+2 0.000000+0          2          1          2         252925 3 67    8
 1.720000+6 8.379916-3                                            2925 3 67    9
 3.000000+2 0.000000+0          2          1          2         262925 3 67   10
 2.210000+6 2.274808-3                                            2925 3 67   11
 3.000000+2 0.000000+0          2          1          2         272925 3 67   12
 2.000000+6 4.685336-4                                            2925 3 67   13
 3.000000+2 0.000000+0          2          1          2         282925 3 67   14
 1.500000+6 1.300159-4                                            2925 3 67   15
 3.000000+2 0.000000+0          2          1          2         292925 3 67   16
 1.500000+6 5.481344-5                                            2925 3 67   17
 3.000000+2 0.000000+0          2          1          2         302925 3 67   18
 2.000000+6 2.910940-5                                            2925 3 67   19
                                                                  2925 3  099999
 2.906300+4 0.000000+0          1          1          0         302925 3 68    1
 3.000000+2 0.000000+0          2          1          2         222925 3 68    2
 6.330000+5 5.615829-3                                            2925 3 68    3
 3.000000+2 0.000000+0          2          1          2         232925 3 68    4
 8.150000+5 1.849549-2                                            2925 3 68    5
 3.000000+2 0.000000+0          2          1          2         242925 3 68    6
 2.390000+6 9.271684-3                                            2925 3 68    7
 3.000000+2 0.000000+0          2          1          2         252925 3 68    8
 1.720000+6 2.372464-3                                            2925 3 68    9
 3.000000+2 0.000000+0          2          1          2         262925 3 68   10
 2.210000+6 6.216717-4                                            2925 3 68   11
 3.000000+2 0.000000+0          2          1          2         272925 3 68   12
 2.000000+6 1.400881-4                                            2925 3 68   13
 3.000000+2 0.000000+0          2          1          2         282925 3 68   14
 1.500000+6 5.035587-5                                            2925 3 68   15
 3.000000+2 0.000000+0          2          1          2         292925 3 68   16
 1.500000+6 3.005858-5                                            2925 3 68   17
 3.000000+2 0.000000+0          2          1          2         302925 3 68   18
 2.000000+6 2.243719-5                                            2925 3 68   19
                                                                  2925 3  099999
 2.906300+4 0.000000+0          1          1          0         302925 3 69    1
 3.000000+2 0.000000+0          2          1          2         222925 3 69    2
 6.330000+5 1.047316-2                                            2925 3 69    3
 3.000000+2 0.000000+0          2          1          2         232925 3 69    4
 8.150000+5 4.119165-2                                            2925 3 69    5
 3.000000+2 0.000000+0          2          1          2         242925 3 69    6
 2.390000+6 2.326920-2                                            2925 3 69    7
 3.000000+2 0.000000+0          2          1          2         252925 3 69    8
 1.720000+6 6.470495-3                                            2925 3 69    9
 3.000000+2 0.000000+0          2          1          2         262925 3 69   10
 2.210000+6 1.702311-3                                            2925 3 69   11
 3.000000+2 0.000000+0          2          1          2         272925 3 69   12
 2.000000+6 3.474074-4                                            2925 3 69   13
 3.000000+2 0.000000+0          2          1          2         282925 3 69   14
 1.500000+6 9.875119-5                                            2925 3 69   15
 3.000000+2 0.000000+0          2          1          2         292925 3 69   16
 1.500000+6 4.452368-5                                            2925 3 69   17
 3.000000+2 0.000000+0          2          1          2         302925 3 69   18
 2.000000+6 2.619843-5                                            2925 3 69   19
                                                                  2925 3  099999
 2.906300+4 0.000000+0          1          1          0         302925 3 70    1
 3.000000+2 0.000000+0          2          1          2         222925 3 70    2
 6.330000+5 6.167978-3                                            2925 3 70    3
 3.000000+2 0.000000+0          2          1          2         232925 3 70    4
 8.150000+5 3.327470-2                                            2925 3 70    5
 3.000000+2 0.000000+0          2          1          2         242925 3 70    6
 2.390000+6 2.472532-2                                            2925 3 70    7
 3.000000+2 0.000000+0          2          1          2         252925 3 70    8
 1.720000+6 8.418869-3                                            2925 3 70    9
 3.000000+2 0.000000+0          2          1          2         262925 3 70   10
 2.210000+6 2.356585-3                                            2925 3 70   11
 3.000000+2 0.000000+0          2          1          2         272925 3 70   12
 2.000000+6 4.844577-4                                            2925 3 70   13
 3.000000+2 0.000000+0          2          1          2         282925 3 70   14
 1.500000+6 1.321621-4                                            2925 3 70   15
 3.000000+2 0.000000+0          2          1          2         292925 3 70   16
 1.500000+6 5.494799-5                                            2925 3 70   17
 3.000000+2 0.000000+0          2          1          2         302925 3 70   18
 2.000000+6 2.904170-5                                            2925 3 70   19
                                                                  2925 3  099999
 2.906300+4 0.000000+0          1          1          0         302925 3 71    1
 3.000000+2 0.000000+0          2          1          2         222925 3 71    2
 6.330000+5 2.318367-3                                            2925 3 71    3
 3.000000+2 0.000000+0          2          1          2         232925 3 71    4
 8.150000+5 1.535715-2                                            2925 3 71    5
 3.000000+2 0.000000+0          2          1          2         242925 3 71    6
 2.390000+6 8.784534-3                                            2925 3 71    7
 3.000000+2 0.000000+0          2          1          2         252925 3 71    8
 1.720000+6 2.302381-3                                            2925 3 71    9
 3.000000+2 0.000000+0          2          1          2         262925 3 71   10
 2.210000+6 6.110032-4                                            2925 3 71   11
 3.000000+2 0.000000+0          2          1          2         272925 3 71   12
 2.000000+6 1.386500-4                                            2925 3 71   13
 3.000000+2 0.000000+0          2          1          2         282925 3 71   14
 1.500000+6 5.010852-5                                            2925 3 71   15
 3.000000+2 0.000000+0          2          1          2         292925 3 71   16
 1.500000+6 3.001525-5                                            2925 3 71   17
 3.000000+2 0.000000+0          2          1          2         302925 3 71   18
 2.000000+6 2.244351-5                                            2925 3 71   19
                                                                  2925 3  099999
 2.906300+4 0.000000+0          1          1          0         302925 3 72    1
 3.000000+2 0.000000+0          2          1          2         222925 3 72    2
 6.330000+5 2.778338-3                                            2925 3 72    3
 3.000000+2 0.000000+0          2          1          2         232925 3 72    4
 8.150000+5 3.393258-2                                            2925 3 72    5
 3.000000+2 0.000000+0          2          1          2         242925 3 72    6
 2.390000+6 2.491387-2                                            2925 3 72    7
 3.000000+2 0.000000+0          2          1          2         252925 3 72    8
 1.720000+6 7.704193-3                                            2925 3 72    9
 3.000000+2 0.000000+0          2          1          2         262925 3 72   10
 2.210000+6 2.100710-3                                            2925 3 72   11
 3.000000+2 0.000000+0          2          1          2         272925 3 72   12
 2.000000+6 4.282177-4                                            2925 3 72   13
 3.000000+2 0.000000+0          2          1          2         282925 3 72   14
 1.500000+6 1.179978-4                                            2925 3 72   15
 3.000000+2 0.000000+0          2          1          2         292925 3 72   16
 1.500000+6 5.043993-5                                            2925 3 72   17
 3.000000+2 0.000000+0          2          1          2         302925 3 72   18
 2.000000+6 2.780015-5                                            2925 3 72   19
                                                                  2925 3  099999
 2.906300+4 0.000000+0          1          1          0         302925 3 73    1
 3.000000+2 0.000000+0          2          1          2         222925 3 73    2
 6.330000+5 9.168415-4                                            2925 3 73    3
 3.000000+2 0.000000+0          2          1          2         232925 3 73    4
 8.150000+5 1.711789-2                                            2925 3 73    5
 3.000000+2 0.000000+0          2          1          2         242925 3 73    6
 2.390000+6 1.845540-2                                            2925 3 73    7
 3.000000+2 0.000000+0          2          1          2         252925 3 73    8
 1.720000+6 7.726124-3                                            2925 3 73    9
 3.000000+2 0.000000+0          2          1          2         262925 3 73   10
 2.210000+6 2.318981-3                                            2925 3 73   11
 3.000000+2 0.000000+0          2          1          2         272925 3 73   12
 2.000000+6 4.939473-4                                            2925 3 73   13
 3.000000+2 0.000000+0          2          1          2         282925 3 73   14
 1.500000+6 1.369283-4                                            2925 3 73   15
 3.000000+2 0.000000+0          2          1          2         292925 3 73   16
 1.500000+6 5.697035-5                                            2925 3 73   17
 3.000000+2 0.000000+0          2          1          2         302925 3 73   18
 2.000000+6 2.973472-5                                            2925 3 73   19
                                                                  2925 3  099999
 2.906300+4 0.000000+0          1          1          0         302925 3 74    1
 3.000000+2 0.000000+0          2          1          2         222925 3 74    2
 6.330000+5 2.760878-3                                            2925 3 74    3
 3.000000+2 0.000000+0          2          1          2         232925 3 74    4
 8.150000+5 3.254155-2                                            2925 3 74    5
 3.000000+2 0.000000+0          2          1          2         242925 3 74    6
 2.390000+6 2.178559-2                                            2925 3 74    7
 3.000000+2 0.000000+0          2          1          2         252925 3 74    8
 1.720000+6 6.241085-3                                            2925 3 74    9
 3.000000+2 0.000000+0          2          1          2         262925 3 74   10
 2.210000+6 1.666715-3                                            2925 3 74   11
 3.000000+2 0.000000+0          2          1          2         272925 3 74   12
 2.000000+6 3.427020-4                                            2925 3 74   13
 3.000000+2 0.000000+0          2          1          2         282925 3 74   14
 1.500000+6 9.789045-5                                            2925 3 74   15
 3.000000+2 0.000000+0          2          1          2         292925 3 74   16
 1.500000+6 4.432704-5                                            2925 3 74   17
 3.000000+2 0.000000+0          2          1          2         302925 3 74   18
 2.000000+6 2.617354-5                                            2925 3 74   19
                                                                  2925 3  099999
 2.906300+4 0.000000+0          1          1          0         302925 3 75    1
 3.000000+2 0.000000+0          2          1          2         222925 3 75    2
 6.330000+5 2.279291-3                                            2925 3 75    3
 3.000000+2 0.000000+0          2          1          2         232925 3 75    4
 8.150000+5 2.601242-2                                            2925 3 75    5
 3.000000+2 0.000000+0          2          1          2         242925 3 75    6
 2.390000+6 1.631800-2                                            2925 3 75    7
 3.000000+2 0.000000+0          2          1          2         252925 3 75    8
 1.720000+6 4.462530-3                                            2925 3 75    9
 3.000000+2 0.000000+0          2          1          2         262925 3 75   10
 2.210000+6 1.175873-3                                            2925 3 75   11
 3.000000+2 0.000000+0          2          1          2         272925 3 75   12
 2.000000+6 2.464398-4                                            2925 3 75   13
 3.000000+2 0.000000+0          2          1          2         282925 3 75   14
 1.500000+6 7.524547-5                                            2925 3 75   15
 3.000000+2 0.000000+0          2          1          2         292925 3 75   16
 1.500000+6 3.751897-5                                            2925 3 75   17
 3.000000+2 0.000000+0          2          1          2         302925 3 75   18
 2.000000+6 2.439623-5                                            2925 3 75   19
                                                                  2925 3  099999
 2.906300+4 0.000000+0          1          1          0         302925 3 76    1
 3.000000+2 0.000000+0          2          1          2         222925 3 76    2
 6.330000+5 1.928541-3                                            2925 3 76    3
 3.000000+2 0.000000+0          2          1          2         232925 3 76    4
 8.150000+5 2.530155-2                                            2925 3 76    5
 3.000000+2 0.000000+0          2          1          2         242925 3 76    6
 2.390000+6 1.619950-2                                            2925 3 76    7
 3.000000+2 0.000000+0          2          1          2         252925 3 76    8
 1.720000+6 4.445161-3                                            2925 3 76    9
 3.000000+2 0.000000+0          2          1          2         262925 3 76   10
 2.210000+6 1.173205-3                                            2925 3 76   11
 3.000000+2 0.000000+0          2          1          2         272925 3 76   12
 2.000000+6 2.460854-4                                            2925 3 76   13
 3.000000+2 0.000000+0          2          1          2         282925 3 76   14
 1.500000+6 7.518198-5                                            2925 3 76   15
 3.000000+2 0.000000+0          2          1          2         292925 3 76   16
 1.500000+6 3.750520-5                                            2925 3 76   17
 3.000000+2 0.000000+0          2          1          2         302925 3 76   18
 2.000000+6 2.439511-5                                            2925 3 76   19
                                                                  2925 3  099999
 2.906300+4 0.000000+0          1          1          0         302925 3 77    1
 3.000000+2 0.000000+0          2          1          2         222925 3 77    2
 6.330000+5 1.478018-3                                            2925 3 77    3
 3.000000+2 0.000000+0          2          1          2         232925 3 77    4
 8.150000+5 2.432312-2                                            2925 3 77    5
 3.000000+2 0.000000+0          2          1          2         242925 3 77    6
 2.390000+6 1.603583-2                                            2925 3 77    7
 3.000000+2 0.000000+0          2          1          2         252925 3 77    8
 1.720000+6 4.421267-3                                            2925 3 77    9
 3.000000+2 0.000000+0          2          1          2         262925 3 77   10
 2.210000+6 1.169529-3                                            2925 3 77   11
 3.000000+2 0.000000+0          2          1          2         272925 3 77   12
 2.000000+6 2.455979-4                                            2925 3 77   13
 3.000000+2 0.000000+0          2          1          2         282925 3 77   14
 1.500000+6 7.509458-5                                            2925 3 77   15
 3.000000+2 0.000000+0          2          1          2         292925 3 77   16
 1.500000+6 3.748623-5                                            2925 3 77   17
 3.000000+2 0.000000+0          2          1          2         302925 3 77   18
 2.000000+6 2.439359-5                                            2925 3 77   19
                                                                  2925 3  099999
 2.906300+4 0.000000+0          1          1          0         302925 3 78    1
 3.000000+2 0.000000+0          2          1          2         222925 3 78    2
 6.330000+5 4.383226-4                                            2925 3 78    3
 3.000000+2 0.000000+0          2          1          2         232925 3 78    4
 8.150000+5 2.400803-2                                            2925 3 78    5
 3.000000+2 0.000000+0          2          1          2         242925 3 78    6
 2.390000+6 1.642015-2                                            2925 3 78    7
 3.000000+2 0.000000+0          2          1          2         252925 3 78    8
 1.720000+6 4.247541-3                                            2925 3 78    9
 3.000000+2 0.000000+0          2          1          2         262925 3 78   10
 2.210000+6 1.111004-3                                            2925 3 78   11
 3.000000+2 0.000000+0          2          1          2         272925 3 78   12
 2.000000+6 2.339585-4                                            2925 3 78   13
 3.000000+2 0.000000+0          2          1          2         282925 3 78   14
 1.500000+6 7.272163-5                                            2925 3 78   15
 3.000000+2 0.000000+0          2          1          2         292925 3 78   16
 1.500000+6 3.695768-5                                            2925 3 78   17
 3.000000+2 0.000000+0          2          1          2         302925 3 78   18
 2.000000+6 2.430307-5                                            2925 3 78   19
                                                                  2925 3  099999
 2.906300+4 0.000000+0          1          1          0         302925 3 79    1
 3.000000+2 0.000000+0          2          1          2         222925 3 79    2
 6.330000+5 1.350916-4                                            2925 3 79    3
 3.000000+2 0.000000+0          2          1          2         232925 3 79    4
 8.150000+5 1.217664-2                                            2925 3 79    5
 3.000000+2 0.000000+0          2          1          2         242925 3 79    6
 2.390000+6 8.514532-3                                            2925 3 79    7
 3.000000+2 0.000000+0          2          1          2         252925 3 79    8
 1.720000+6 2.180387-3                                            2925 3 79    9
 3.000000+2 0.000000+0          2          1          2         262925 3 79   10
 2.210000+6 5.816137-4                                            2925 3 79   11
 3.000000+2 0.000000+0          2          1          2         272925 3 79   12
 2.000000+6 1.333545-4                                            2925 3 79   13
 3.000000+2 0.000000+0          2          1          2         282925 3 79   14
 1.500000+6 4.900005-5                                            2925 3 79   15
 3.000000+2 0.000000+0          2          1          2         292925 3 79   16
 1.500000+6 2.978502-5                                            2925 3 79   17
 3.000000+2 0.000000+0          2          1          2         302925 3 79   18
 2.000000+6 2.242671-5                                            2925 3 79   19
                                                                  2925 3  099999
 2.906300+4 0.000000+0          1          1          0         302925 3 91    1
 3.000000+2 0.000000+0          2          1          2         222925 3 91    2
 6.330000+5 1.026681-4                                            2925 3 91    3
 3.000000+2 0.000000+0          2          1          2         232925 3 91    4
 8.150000+5 1.892096-1                                            2925 3 91    5
 3.000000+2 0.000000+0          2          1          2         242925 3 91    6
 2.390000+6 9.941530-1                                            2925 3 91    7
 3.000000+2 0.000000+0          2          1          2         252925 3 91    8
 1.720000+6 1.425940+0                                            2925 3 91    9
 3.000000+2 0.000000+0          2          1          2         262925 3 91   10
 2.210000+6 1.431182+0                                            2925 3 91   11
 3.000000+2 0.000000+0          2          1          2         272925 3 91   12
 2.000000+6 1.079634+0                                            2925 3 91   13
 3.000000+2 0.000000+0          2          1          2         282925 3 91   14
 1.500000+6 7.034868-1                                            2925 3 91   15
 3.000000+2 0.000000+0          2          1          2         292925 3 91   16
 1.500000+6 5.030006-1                                            2925 3 91   17
 3.000000+2 0.000000+0          2          1          2         302925 3 91   18
 2.000000+6 3.884819-1                                            2925 3 91   19
                                                                  2925 3  099999
 2.906300+4 0.000000+0          1          1          0         302925 3102    1
 3.000000+2 0.000000+0          2          1          2          12925 3102    2
 1.518610-1 3.539377+0                                            2925 3102    3
 3.000000+2 0.000000+0          2          1          2          22925 3102    4
 2.620000-1 1.373802+0                                            2925 3102    5
 3.000000+2 0.000000+0          2          1          2          32925 3102    6
 7.160000-1 8.295351-1                                            2925 3102    7
 3.000000+2 0.000000+0          2          1          2          42925 3102    8
 1.930000+0 4.991210-1                                            2925 3102    9
 3.000000+2 0.000000+0          2          1          2          52925 3102   10
 5.260000+0 2.961213-1                                            2925 3102   11
 3.000000+2 0.000000+0          2          1          2          62925 3102   12
 1.428000+1 1.692625-1                                            2925 3102   13
 3.000000+2 0.000000+0          2          1          2          72925 3102   14
 3.880000+1 8.863604-2                                            2925 3102   15
 3.000000+2 0.000000+0          2          1          2          82925 3102   16
 1.056000+2 3.929554-2                                            2925 3102   17
 3.000000+2 0.000000+0          2          1          2          92925 3102   18
 2.870000+2 2.386038-2                                            2925 3102   19
 3.000000+2 0.000000+0          2          1          2         102925 3102   20
 7.810000+2 1.753403+0                                            2925 3102   21
 3.000000+2 0.000000+0          2          1          2         112925 3102   22
 2.115000+3 4.067455-1                                            2925 3102   23
 3.000000+2 0.000000+0          2          1          2         122925 3102   24
 5.770000+3 2.273707-1                                            2925 3102   25
 3.000000+2 0.000000+0          2          1          2         132925 3102   26
 1.568000+4 9.513543-2                                            2925 3102   27
 3.000000+2 0.000000+0          2          1          2         142925 3102   28
 4.280000+4 3.725591-2                                            2925 3102   29
 3.000000+2 0.000000+0          2          1          2         152925 3102   30
 1.164000+5 3.191628-2                                            2925 3102   31
 3.000000+2 0.000000+0          2          1          2         162925 3102   32
 1.190000+5 2.422529-2                                            2925 3102   33
 3.000000+2 0.000000+0          2          1          2         172925 3102   34
 1.970000+5 1.919901-2                                            2925 3102   35
 3.000000+2 0.000000+0          2          1          2         182925 3102   36
 3.230000+5 1.685555-2                                            2925 3102   37
 3.000000+2 0.000000+0          2          1          2         192925 3102   38
 5.300000+5 1.336811-2                                            2925 3102   39
 3.000000+2 0.000000+0          2          1          2         202925 3102   40
 3.850000+5 8.819505-3                                            2925 3102   41
 3.000000+2 0.000000+0          2          1          2         212925 3102   42
 4.940000+5 7.019343-3                                            2925 3102   43
 3.000000+2 0.000000+0          2          1          2         222925 3102   44
 6.330000+5 5.191631-3                                            2925 3102   45
 3.000000+2 0.000000+0          2          1          2         232925 3102   46
 8.150000+5 3.458857-3                                            2925 3102   47
 3.000000+2 0.000000+0          2          1          2         242925 3102   48
 2.390000+6 2.515777-3                                            2925 3102   49
 3.000000+2 0.000000+0          2          1          2         252925 3102   50
 1.720000+6 1.977935-3                                            2925 3102   51
 3.000000+2 0.000000+0          2          1          2         262925 3102   52
 2.210000+6 1.232060-3                                            2925 3102   53
 3.000000+2 0.000000+0          2          1          2         272925 3102   54
 2.000000+6 7.720529-4                                            2925 3102   55
 3.000000+2 0.000000+0          2          1          2         282925 3102   56
 1.500000+6 7.434974-4                                            2925 3102   57
 3.000000+2 0.000000+0          2          1          2         292925 3102   58
 1.500000+6 7.058999-4                                            2925 3102   59
 3.000000+2 0.000000+0          2          1          2         302925 3102   60
 2.000000+6 5.787232-4                                            2925 3102   61
                                                                  2925 3  099999
 2.906300+4 0.000000+0          1          1          0         302925 3103    1
 3.000000+2 0.000000+0          2          1          2         152925 3103    2
 1.164000+5 4.934191-7                                            2925 3103    3
 3.000000+2 0.000000+0          2          1          2         162925 3103    4
 1.190000+5 2.433976-6                                            2925 3103    5
 3.000000+2 0.000000+0          2          1          2         172925 3103    6
 1.970000+5 1.495610-5                                            2925 3103    7
 3.000000+2 0.000000+0          2          1          2         182925 3103    8
 3.230000+5 1.519902-4                                            2925 3103    9
 3.000000+2 0.000000+0          2          1          2         192925 3103   10
 5.300000+5 1.541234-3                                            2925 3103   11
 3.000000+2 0.000000+0          2          1          2         202925 3103   12
 3.850000+5 6.294166-3                                            2925 3103   13
 3.000000+2 0.000000+0          2          1          2         212925 3103   14
 4.940000+5 1.704258-2                                            2925 3103   15
 3.000000+2 0.000000+0          2          1          2         222925 3103   16
 6.330000+5 3.540082-2                                            2925 3103   17
 3.000000+2 0.000000+0          2          1          2         232925 3103   18
 8.150000+5 5.262874-2                                            2925 3103   19
 3.000000+2 0.000000+0          2          1          2         242925 3103   20
 2.390000+6 7.737422-2                                            2925 3103   21
 3.000000+2 0.000000+0          2          1          2         252925 3103   22
 1.720000+6 8.824012-2                                            2925 3103   23
 3.000000+2 0.000000+0          2          1          2         262925 3103   24
 2.210000+6 8.949444-2                                            2925 3103   25
 3.000000+2 0.000000+0          2          1          2         272925 3103   26
 2.000000+6 8.186952-2                                            2925 3103   27
 3.000000+2 0.000000+0          2          1          2         282925 3103   28
 1.500000+6 6.704271-2                                            2925 3103   29
 3.000000+2 0.000000+0          2          1          2         292925 3103   30
 1.500000+6 5.901414-2                                            2925 3103   31
 3.000000+2 0.000000+0          2          1          2         302925 3103   32
 2.000000+6 5.525240-2                                            2925 3103   33
                                                                  2925 3  099999
 2.906300+4 0.000000+0          1          1          0         302925 3104    1
 3.000000+2 0.000000+0          2          1          2         242925 3104    2
 2.390000+6 3.592644-7                                            2925 3104    3
 3.000000+2 0.000000+0          2          1          2         252925 3104    4
 1.720000+6 6.499773-5                                            2925 3104    5
 3.000000+2 0.000000+0          2          1          2         262925 3104    6
 2.210000+6 4.610406-4                                            2925 3104    7
 3.000000+2 0.000000+0          2          1          2         272925 3104    8
 2.000000+6 1.803891-3                                            2925 3104    9
 3.000000+2 0.000000+0          2          1          2         282925 3104   10
 1.500000+6 4.493979-3                                            2925 3104   11
 3.000000+2 0.000000+0          2          1          2         292925 3104   12
 1.500000+6 7.744977-3                                            2925 3104   13
 3.000000+2 0.000000+0          2          1          2         302925 3104   14
 2.000000+6 1.251458-2                                            2925 3104   15
                                                                  2925 3  099999
 2.906300+4 0.000000+0          1          1          0         302925 3105    1
 3.000000+2 0.000000+0          2          1          2         262925 3105    2
 2.210000+6 1.160825-9                                            2925 3105    3
 3.000000+2 0.000000+0          2          1          2         272925 3105    4
 2.000000+6 7.775718-6                                            2925 3105    5
 3.000000+2 0.000000+0          2          1          2         282925 3105    6
 1.500000+6 6.926501-5                                            2925 3105    7
 3.000000+2 0.000000+0          2          1          2         292925 3105    8
 1.500000+6 1.724776-4                                            2925 3105    9
 3.000000+2 0.000000+0          2          1          2         302925 3105   10
 2.000000+6 7.801959-4                                            2925 3105   11
                                                                  2925 3  099999
 2.906300+4 0.000000+0          1          1          0         302925 3107    1
 3.000000+2 0.000000+0          2          1          2         152925 3107    2
 1.164000+5 2.42078-16                                            2925 3107    3
 3.000000+2 0.000000+0          2          1          2         162925 3107    4
 1.190000+5 3.72979-15                                            2925 3107    5
 3.000000+2 0.000000+0          2          1          2         172925 3107    6
 1.970000+5 8.54813-14                                            2925 3107    7
 3.000000+2 0.000000+0          2          1          2         182925 3107    8
 3.230000+5 4.39577-12                                            2925 3107    9
 3.000000+2 0.000000+0          2          1          2         192925 3107   10
 5.300000+5 5.20984-10                                            2925 3107   11
 3.000000+2 0.000000+0          2          1          2         202925 3107   12
 3.850000+5 9.698752-9                                            2925 3107   13
 3.000000+2 0.000000+0          2          1          2         212925 3107   14
 4.940000+5 1.616825-7                                            2925 3107   15
 3.000000+2 0.000000+0          2          1          2         222925 3107   16
 6.330000+5 2.504877-6                                            2925 3107   17
 3.000000+2 0.000000+0          2          1          2         232925 3107   18
 8.150000+5 3.930438-5                                            2925 3107   19
 3.000000+2 0.000000+0          2          1          2         242925 3107   20
 2.390000+6 2.485657-3                                            2925 3107   21
 3.000000+2 0.000000+0          2          1          2         252925 3107   22
 1.720000+6 1.914144-2                                            2925 3107   23
 3.000000+2 0.000000+0          2          1          2         262925 3107   24
 2.210000+6 3.871606-2                                            2925 3107   25
 3.000000+2 0.000000+0          2          1          2         272925 3107   26
 2.000000+6 4.267774-2                                            2925 3107   27
 3.000000+2 0.000000+0          2          1          2         282925 3107   28
 1.500000+6 4.393376-2                                            2925 3107   29
 3.000000+2 0.000000+0          2          1          2         292925 3107   30
 1.500000+6 4.357432-2                                            2925 3107   31
 3.000000+2 0.000000+0          2          1          2         302925 3107   32
 2.000000+6 3.777679-2                                            2925 3107   33
                                                                  2925 3  099999
                                                                     0 0  0    0
                                                                    -1 0  0    0
